50 100 7
0
1 3
3 4 5 7
0
0
0
0
0
1 4
2 3 5
1 3
0
0
0
2 3 4
0
0
0
1 3
0
0
0
1 5
1 3
1 3
0
1 1
1 5
0
1 3
1 1
2 2 6
0
1 5
0
0
0
0
1 4
1 7
0
1 5
0
0
1 3
0
0
0
0
1 4
34 42 44
20 15 1000
44 31 375
30 14 504
13 6 734
39 45 968
9 20 497
47 37 568
17 41 916
15 8 361
44 25 535
45 24 424
36 26 396
29 25 916
24 32 156
33 9 591
39 37 779
5 30 482
36 7 198
49 1 169
21 6 452
12 2 529
1 14 31
29 31 400
12 22 435
35 10 972
39 9 883
8 13 75
14 13 346
43 34 21
3 2 262
14 15 30
23 9 239
48 28 275
31 34 867
10 5 78
37 46 553
16 39 258
15 25 410
10 17 124
31 45 429
42 28 837
2 1 349
3 30 317
2 24 688
32 36 870
14 38 270
21 26 110
27 15 668
9 6 966
45 20 316
9 11 207
27 10 268
3 43 949
26 8 550
46 47 283
26 40 874
23 2 356
43 18 365
34 20 269
4 19 590
35 17 894
32 21 314
47 17 816
45 11 176
36 45 413
16 10 963
28 1 528
7 4 687
49 5 801
15 24 121
8 5 464
18 2 713
35 1 939
5 4 755
48 50 251
33 14 517
1 22 666
12 11 97
30 11 7
31 43 904
43 22 660
31 17 976
28 38 219
4 2 972
27 9 754
6 5 351
16 38 952
36 46 225
40 8 243
35 32 502
46 14 181
1 4 723
30 21 854
26 32 802
19 37 906
46 26 902
49 21 173
7 28 819
22 41 526