100 100 10
2 6 7
1 5
1 8
0
0
0
0
1 4
1 2
1 9
0
1 7
1 2
0
0
0
2 1 9
1 6
0
1 5
1 9
0
1 4
0
0
3 3 6 9
1 4
0
0
1 10
2 5 7
2 5 6
1 6
2 1 6
0
0
1 2
4 1 4 9 10
1 3
1 3
1 8
2 9 10
1 9
1 2
0
0
0
1 2
0
1 7
0
0
1 4
0
1 7
2 6 7
0
2 5 6
0
1 1
1 6
0
1 7
4 1 6 8 9
1 4
1 4
0
0
2 5 8
1 1
1 5
2 3 5
0
1 9
1 1
1 7
2 1 10
0
0
0
1 1
2 6 9
1 5
1 2
2 6 9
2 5 8
2 2 6
0
0
0
0
2 5 10
0
0
0
0
0
0
0
0
27 61 512
80 45 145
37 11 215
6 8 981
46 1 543
3 29 863
32 2 118
52 12 813
62 3 654
14 3 970
53 41 953
44 2 461
57 3 547
49 45 171
9 20 202
6 31 536
11 6 157
42 33 525
50 21 346
4 5 462
19 66 756
26 21 649
43 58 271
48 78 91
19 17 385
77 69 857
94 74 889
19 71 290
63 74 890
45 32 960
18 14 210
3 6 841
83 51 378
21 64 21
5 3 698
100 26 667
38 39 938
11 21 424
23 69 706
75 11 433
65 59 649
1 2 861
15 27 870
86 77 500
4 1 797
44 81 148
13 56 657
29 35 768
48 97 190
17 82 322
46 93 87
23 47 913
48 14 65
84 50 747
10 5 558
15 6 627
71 91 54
96 45 900
37 88 972
25 2 218
23 76 160
10 85 84
3 38 765
12 6 678
67 16 791
22 15 752
68 44 457
48 54 174
13 70 96
58 79 320
89 70 500
34 43 257
41 1 119
23 30 909
98 30 560
3 24 50
63 8 770
2 13 638
14 33 91
28 6 266
5 9 608
23 20 532
95 24 382
1 7 906
99 9 244
87 16 364
87 90 475
73 14 266
16 11 745
27 60 145
76 92 817
72 71 886
34 24 814
12 36 415
11 17 868
59 3 193
55 8 724
27 51 483
7 40 305
2 3 113