250 250 10
0
0
0
0
0
0
0
0
0
0
0
0
0
0
0
0
0
0
0
0
0
0
0
0
0
0
0
0
0
0
0
0
0
0
0
0
0
0
0
0
0
0
1 2
0
0
0
0
0
0
0
0
0
0
1 8
1 7
0
0
0
1 4
1 10
1 5
0
0
2 3 9
0
1 3
1 1
0
0
0
0
0
1 7
0
0
0
0
0
0
1 4
0
0
0
1 3
0
0
0
0
0
0
0
0
0
0
0
0
0
0
0
0
0
0
0
0
0
0
0
0
0
0
0
1 6
0
0
0
0
0
0
0
0
0
0
0
0
0
0
0
0
0
0
0
0
0
0
0
0
0
0
0
0
0
1 10
0
0
0
0
0
0
0
0
0
1 1
0
0
0
0
0
0
0
0
0
0
0
0
0
0
0
0
0
0
0
0
0
0
0
0
0
0
0
0
0
0
0
0
0
0
0
0
0
0
0
0
0
1 9
1 10
0
1 9
0
0
0
0
0
0
0
0
1 7
0
0
0
0
0
0
0
0
0
0
0
0
0
0
0
0
0
0
0
0
0
0
0
1 5
0
1 1
0
0
0
0
0
0
0
0
0
0
0
0
0
0
0
0
0
0
78 240 48
21 39 159
34 24 960
132 46 275
92 196 189
51 120 931
117 179 603
64 191 261
131 172 159
17 206 511
167 111 156
13 24 296
22 211 444
5 4 93
10 17 713
91 90 130
214 242 984
12 5 801
82 73 251
125 2 723
28 62 107
224 138 307
111 38 755
20 33 680
18 26 308
88 159 788
49 8 449
113 204 431
227 52 514
92 91 819
86 21 61
37 103 466
194 197 479
41 45 746
157 188 72
184 147 127
162 133 164
175 158 438
195 163 470
200 162 434
68 37 52
218 171 395
61 128 530
169 112 95
31 57 783
43 96 430
146 12 974
12 106 51
55 215 88
65 168 54
63 182 645
157 164 508
5 48 335
30 10 163
145 76 336
116 131 857
84 116 541
243 14 756
105 152 704
122 18 641
1 136 642
155 186 244
78 75 31
164 207 839
140 132 364
151 43 491
124 86 475
89 80 361
55 54 234
19 79 624
113 56 146
127 133 100
54 249 529
5 8 945
54 12 561
79 205 688
75 81 968
86 156 342
107 84 583
87 73 213
235 126 237
223 142 255
47 45 846
74 129 201
43 147 300
122 221 173
155 125 376
120 220 448
3 10 56
25 27 386
235 247 446
30 40 696
98 154 204
99 37 140
15 194 914
35 23 493
105 73 444
138 92 825
4 20 424
67 4 239
231 52 293
181 57 438
236 205 24
165 103 168
183 175 626
41 21 333
70 158 204
163 7 436
127 237 903
49 173 746
110 130 859
38 73 76
18 7 588
161 116 840
35 250 107
22 53 846
128 233 348
6 9 823
42 18 650
4 52 878
109 59 936
118 178 468
51 65 717
21 2 768
157 189 742
4 28 352
67 110 713
21 77 948
166 12 950
48 245 42
3 1 656
239 207 158
47 127 778
139 148 925
108 92 883
56 54 221
55 71 262
244 147 341
59 33 698
43 51 173
35 58 669
7 6 571
11 7 748
157 151 757
161 170 796
185 43 961
199 141 695
187 78 709
43 13 223
216 77 303
10 13 272
177 170 740
76 64 731
84 42 319
33 104 584
112 119 66
13 15 175
29 36 51
23 10 269
149 93 761
61 9 747
139 69 204
212 102 895
209 70 387
1 2 925
143 74 375
142 119 844
119 222 965
148 176 53
132 219 365
38 135 248
238 4 952
38 13 293
94 78 440
101 19 446
30 37 662
123 18 227
118 52 629
19 201 357
14 98 414
180 43 592
67 203 500
75 213 526
225 99 429
246 103 922
121 91 581
202 40 18
16 83 546
241 117 505
230 38 804
192 110 536
8 31 590
40 69 441
6 1 98
54 88 822
67 150 278
4 1 362
248 240 218
46 12 599
25 5 180
103 112 684
7 14 207
15 210 362
24 126 54
149 228 865
10 144 262
232 213 839
85 80 353
6 75 793
193 147 472
13 64 532
198 169 802
8 50 206
208 198 186
115 43 988
78 80 689
44 37 646
165 226 489
229 110 6
190 141 818
234 177 161
29 134 323
217 136 849
3 137 608
93 45 404
63 39 795
160 34 173
41 72 288
65 174 172
81 114 684
50 117 221
70 59 80
60 10 5
32 2 383
80 90 535
63 141 75
95 13 934
15 22 286
66 7 112
16 5 263
43 100 68
19 8 621
102 52 925
23 153 993
214 102 535
97 61 816
138 135 662
171 157 752
7 29 763
74 13 83